45.227.168.0/24,"ASN 267027"
45.227.171.0/24,"ASN 267027"
2804:4708::/33,"ASN 267027"
2804:4708:8000::/34,"ASN 267027"
2804:4708:c000::/35,"ASN 267027"
