216.68.48.0/24,"Blocked AS27203"
216.68.236.0/24,"Blocked AS27203"
