149.91.87.0/24,"Blocked AS200843"
