102.201.164.0/22,"ASN 328668"
102.209.44.0/22,"ASN 328668"
102.223.36.0/22,"ASN 328668"
2c0f:e8b8::/32,"ASN 328668"
