2804:9a78::/32,"ASN 275298"
