91.204.81.0/24,"Blocked AS207946"
2001:678:5a0::/48,"Blocked AS207946"
