49.128.1.0/24,"ASN 133547"
182.161.67.0/24,"ASN 133547"
192.26.110.0/24,"ASN 133547"
2400:e8c0::/32,"ASN 133547"
