2a01:50e0::/32,"ASN 202238"
