193.148.8.0/24,"Blocked AS202495"
