240a:ae7a::/32,"Blocked AS146356"
