2a0c:b641:c90::/47,"ASN 218564"
