185.201.140.0/23,"ASN 205940"
185.201.142.0/24,"ASN 205940"
2a0a:c540::/29,"ASN 205940"
