103.161.86.0/24,"ASN 141687"
