45.235.136.0/22,"Blocked AS268189"
2804:4d50::/32,"Blocked AS268189"
