45.173.160.0/23,"Blocked AS268821"
2804:5b24::/32,"Blocked AS268821"
