45.153.44.0/22,"Blocked AS205495"
185.136.184.0/22,"Blocked AS205495"
185.216.80.0/22,"Blocked AS205495"
