2804:8304::/32,"Blocked AS272171"
