64.189.17.0/24,"Blocked AS395465"
