103.151.242.0/23,"Blocked AS38734"
