191.243.40.0/22,"ASN 263493"
2804:12b4::/32,"ASN 263493"
