131.0.68.0/24,"Blocked AS61852"
131.0.70.0/24,"Blocked AS61852"
2801:80:bc4::/47,"Blocked AS61852"
