45.191.72.0/23,"ASN 61688"
128.201.230.0/23,"ASN 61688"
131.108.56.0/22,"ASN 61688"
160.238.179.0/24,"ASN 61688"
