2a0f:1cc5:1c00::/47,"ASN 207303"
2a0f:1cc5:1c02::/48,"ASN 207303"
2a0f:1cc5:1c20::/48,"ASN 207303"
2a0f:1cc5:1cc0::/48,"ASN 207303"
