102.129.96.0/19,"ASN 37150"
196.40.176.0/20,"ASN 37150"
196.46.176.0/21,"ASN 37150"
2c0f:fdf0::/32,"ASN 37150"
