194.124.236.0/24,"ASN 60735"
2a0f:3cc3::/35,"ASN 60735"
2a0f:3cc3:2000::/36,"ASN 60735"
2a0f:3cc6::/32,"ASN 60735"
