38.105.169.0/24,"Blocked AS19601"
