36.50.132.0/23,"ASN 150698"
36.50.236.0/23,"ASN 150698"
103.15.88.0/23,"ASN 150698"
103.65.136.0/23,"ASN 150698"
103.71.110.0/23,"ASN 150698"
103.90.228.0/22,"ASN 150698"
103.164.36.0/23,"ASN 150698"
103.169.172.0/23,"ASN 150698"
103.170.246.0/23,"ASN 150698"
103.241.198.0/23,"ASN 150698"
154.196.92.0/24,"ASN 150698"
154.196.94.0/23,"ASN 150698"
157.10.46.0/23,"ASN 150698"
2001:df6:fc80::/48,"ASN 150698"
2401:2ae0::/48,"ASN 150698"
2401:3360::/48,"ASN 150698"
2401:41e0::/48,"ASN 150698"
2401:4720::/48,"ASN 150698"
2401:5ae0::/48,"ASN 150698"
2401:5ea0::/48,"ASN 150698"
2401:71e0::/48,"ASN 150698"
2401:7520::/48,"ASN 150698"
2407:bb40::/48,"ASN 150698"
