2a06:1287:300::/40,"ASN 203023"
2a0e:aa07:e049::/48,"ASN 203023"
2a0e:aa07:e150::/44,"ASN 203023"
