142.202.21.0/24,"ASN 19179"
209.194.208.0/23,"ASN 19179"
