93.92.113.0/24,"Blocked AS202273"
