205.189.134.0/24,"ASN 54352"
