45.172.168.0/23,"ASN 268786"
45.172.171.0/24,"ASN 268786"
2804:5aa4::/32,"ASN 268786"
