152.89.72.0/22,"ASN 208355"
2a06:8200::/32,"ASN 208355"
