103.9.0.0/22,"ASN 131358"
