2a06:1283:890d::/48,"ASN 216367"
2a14:7585:a300::/48,"ASN 216367"
