194.124.39.0/24,"Blocked AS208099"
