103.184.94.0/24,"ASN 149649"
