191.7.2.0/24,"ASN 273744"
2804:8b9c::/32,"ASN 273744"
