65.51.85.0/24,"Blocked AS46152"
