66.245.176.0/22,"ASN 63290"
2605:c880::/32,"ASN 63290"
