103.139.240.0/23,"ASN 131651"
103.143.56.0/23,"ASN 131651"
185.167.12.0/22,"ASN 131651"
