200.219.49.0/24,"ASN 270801"
200.219.50.0/23,"ASN 270801"
