91.223.26.0/24,"ASN 203970"
