203.190.220.0/24,"ASN 17748"
