43.231.48.0/23,"Blocked AS58765"
45.113.88.0/22,"Blocked AS58765"
45.123.160.0/22,"Blocked AS58765"
103.31.188.0/23,"Blocked AS58765"
103.31.191.0/24,"Blocked AS58765"
103.52.244.0/22,"Blocked AS58765"
103.85.96.0/22,"Blocked AS58765"
103.146.172.0/23,"Blocked AS58765"
103.220.16.0/22,"Blocked AS58765"
103.250.84.0/22,"Blocked AS58765"
115.124.41.0/24,"Blocked AS58765"
115.124.42.0/23,"Blocked AS58765"
115.124.44.0/22,"Blocked AS58765"
2407:9300:1::/48,"Blocked AS58765"
2407:9300:2::/47,"Blocked AS58765"
2407:9300:4::/48,"Blocked AS58765"
