193.0.242.0/24,"Blocked AS24756"
