38.94.33.0/24,"ASN 209466"
38.236.83.0/24,"ASN 209466"
143.20.196.0/24,"ASN 209466"
2a0c:b641:a0::/44,"ASN 209466"
2a13:9500:119::/48,"ASN 209466"
