45.187.60.0/22,"ASN 269457"
2804:64e8::/32,"ASN 269457"
