94.156.67.0/24,"ASN 215804"
2a0d:2b00::/29,"ASN 215804"
