240a:a47f::/32,"Blocked AS143801"
