12.164.22.0/24,"Blocked AS54273"
