185.250.224.0/22,"ASN 210346"
192.122.254.0/24,"ASN 210346"
192.135.63.0/24,"ASN 210346"
192.135.100.0/24,"ASN 210346"
192.144.75.0/24,"ASN 210346"
