146.155.0.0/16,"Blocked AS20191"
2001:1310:7171::/48,"Blocked AS20191"
2800:1b0::/32,"Blocked AS20191"
