103.239.20.0/24,"ASN 151519"
