103.83.236.0/23,"ASN 150540"
