137.83.10.0/24,"ASN 40327"
