149.100.128.0/23,"ASN 211349"
154.56.84.0/23,"ASN 211349"
