103.37.90.0/24,"ASN 139607"
103.114.131.0/24,"ASN 139607"
103.138.224.0/24,"ASN 139607"
203.14.204.0/24,"ASN 139607"
