103.146.34.0/23,"Blocked AS139459"
