103.145.83.0/24,"ASN 139445"
103.176.15.0/24,"ASN 139445"
