188.119.29.0/24,"Blocked AS64447"
