103.89.64.0/22,"ASN 136368"
