103.104.57.0/24,"ASN 136864"
