103.92.209.0/24,"Blocked AS136110"
