207.108.212.0/23,"ASN 18533"
