23.160.112.0/24,"ASN 398330"
2620:84:a000::/44,"ASN 398330"
