65.125.46.0/24,"ASN 46206"
206.208.216.0/22,"ASN 46206"
206.208.220.0/24,"ASN 46206"
206.208.222.0/24,"ASN 46206"
