240a:ae1f::/32,"Blocked AS146265"
