162.252.88.0/22,"ASN 55236"
162.254.56.0/24,"ASN 55236"
192.100.16.0/24,"ASN 55236"
199.26.184.0/24,"ASN 55236"
2604:6240::/48,"ASN 55236"
2604:6240:3::/48,"ASN 55236"
2604:6240:4::/46,"ASN 55236"
2604:6240:8::/45,"ASN 55236"
2604:6240:10::/44,"ASN 55236"
2604:6240:20::/43,"ASN 55236"
2604:6240:40::/42,"ASN 55236"
2604:6240:80::/41,"ASN 55236"
2604:6240:100::/40,"ASN 55236"
2604:6240:200::/39,"ASN 55236"
2604:6240:400::/38,"ASN 55236"
2604:6240:800::/37,"ASN 55236"
2604:6240:1000::/36,"ASN 55236"
2604:6240:2000::/35,"ASN 55236"
2604:6240:4000::/34,"ASN 55236"
2604:6240:8000::/33,"ASN 55236"
