104.152.152.0/22,"ASN 55220"
