192.33.14.0/24,"ASN 396551"
