2604:f60::/40,"ASN 401649"
