240a:a6bb::/32,"Blocked AS144373"
