240a:a8f8::/32,"Blocked AS144946"
