194.153.106.0/24,"ASN 43236"
