193.203.38.0/24,"Blocked AS57635"
