103.104.141.0/24,"Blocked AS137189"
