91.213.149.0/24,"Blocked AS39928"
