45.180.208.0/22,"ASN 269155"
2804:6040::/32,"ASN 269155"
