113.11.233.0/24,"ASN 45457"
113.11.235.0/24,"ASN 45457"
