185.98.216.0/24,"ASN 49067"
185.98.218.0/24,"ASN 49067"
194.31.11.0/24,"ASN 49067"
