205.243.112.0/23,"ASN 17301"
208.44.212.0/24,"ASN 17301"
