66.201.32.0/19,"Blocked AS26803"
2607:f048::/32,"Blocked AS26803"
