202.9.88.0/24,"ASN 9399"
