185.51.148.0/22,"ASN 201940"
