151.244.254.0/24,"ASN 153868"
