103.99.134.0/23,"Blocked AS150790"
