181.224.60.0/23,"ASN 271405"
181.224.63.0/24,"ASN 271405"
2804:7b00::/32,"ASN 271405"
