151.158.110.0/24,"ASN 142248"
