103.164.158.0/24,"Blocked AS142008"
103.173.38.0/24,"Blocked AS142008"
