208.109.6.0/24,"ASN 398790"
208.109.124.0/24,"ASN 398790"
208.109.130.0/24,"ASN 398790"
