2001:67c:a9c::/48,"Blocked AS1012"
2602:fb44::/40,"Blocked AS1012"
