81.88.192.0/20,"Blocked AS25035"
