91.217.154.0/24,"Blocked AS49504"
