185.218.8.0/22,"ASN 205460"
194.55.140.0/22,"ASN 205460"
