185.152.132.0/24,"ASN 206528"
