2602:ffb6::/36,"ASN 394745"
