45.148.164.0/24,"ASN 200172"
