45.184.240.0/22,"ASN 267028"
45.227.180.0/22,"ASN 267028"
2804:470c::/32,"ASN 267028"
