46.226.32.0/21,"ASN 39155"
88.82.192.0/21,"ASN 39155"
88.82.200.0/22,"ASN 39155"
88.82.204.0/23,"ASN 39155"
88.82.206.0/24,"ASN 39155"
88.82.208.0/24,"ASN 39155"
88.82.210.0/23,"ASN 39155"
88.82.214.0/23,"ASN 39155"
88.82.216.0/21,"ASN 39155"
91.200.168.0/22,"ASN 39155"
159.20.120.0/21,"ASN 39155"
185.204.60.0/22,"ASN 39155"
212.3.32.0/19,"ASN 39155"
