157.20.110.0/23,"ASN 152589"
