208.73.174.0/24,"ASN 32113"
