192.84.0.0/23,"Blocked AS62508"
