2804:9654::/32,"ASN 274585"
