63.238.103.0/24,"ASN 23083"
66.191.148.0/24,"ASN 23083"
167.94.238.0/23,"ASN 23083"
