193.59.93.0/24,"ASN 60877"
194.181.31.0/24,"ASN 60877"
194.181.125.0/24,"ASN 60877"
195.187.41.0/24,"ASN 60877"
