194.34.246.0/24,"ASN 51508"
