91.220.132.0/24,"ASN 51823"
193.3.172.0/24,"ASN 51823"
