209.112.97.0/24,"ASN 212024"
2001:67c:17fc::/48,"ASN 212024"
2a06:e881:7700::/40,"ASN 212024"
