2a0b:4e07:26::/47,"ASN 201445"
2a0f:6284:3400::/40,"ASN 201445"
