38.116.198.0/23,"ASN 11703"
2602:f609:1::/48,"ASN 11703"
