185.176.240.0/23,"Blocked AS206773"
