64.254.32.0/24,"ASN 395165"
64.254.35.0/24,"ASN 395165"
64.254.36.0/23,"ASN 395165"
64.254.38.0/24,"ASN 395165"
64.254.40.0/22,"ASN 395165"
64.254.45.0/24,"ASN 395165"
64.254.46.0/23,"ASN 395165"
64.254.48.0/22,"ASN 395165"
64.254.52.0/23,"ASN 395165"
64.254.58.0/24,"ASN 395165"
64.254.60.0/23,"ASN 395165"
199.180.237.0/24,"ASN 395165"
199.180.238.0/23,"ASN 395165"
