185.104.157.0/24,"ASN 200485"
185.104.158.0/23,"ASN 200485"
2a06:4200::/29,"ASN 200485"
