148.81.127.0/24,"Blocked AS41092"
